21
0 9063 9254 4212 1874 1645 8490 2987 3611 6932 1411 5809 7152 3788 6337 3263 4876 7562 9268 7040 1743
9063 0 1781 6045 8113 9320 2525 7422 6808 2281 8590 5110 3475 6507 3812 6324 6073 1707 1107 2663 8372
9254 1781 0 6236 8304 9511 2716 7613 6999 2472 8781 5301 3666 6698 4003 6515 6264 1898 1986 2854 8563
4212 6045 6236 0 3262 4469 5472 2571 1957 3914 3739 2791 4134 1656 3319 1473 1858 4544 6250 4022 3521
1874 8113 8304 3262 0 2131 7540 2037 2661 5982 1401 4859 6202 2838 5387 2313 3926 6612 8318 6090 1183
1645 9320 9511 4469 2131 0 8747 3244 3868 7189 1668 6066 7409 4045 6594 3520 5133 7819 9525 7297 2000
8490 2525 2716 5472 7540 8747 0 6849 6235 1708 8017 4537 2902 5934 3239 5751 5500 1134 2730 2090 7799
2987 7422 7613 2571 2037 3244 6849 0 1970 5291 2514 4168 5511 2147 4696 1622 3235 5921 7627 5399 2296
3611 6808 6999 1957 2661 3868 6235 1970 0 4677 3138 3554 4897 1533 4082 1008 2621 5307 7013 4785 2920
6932 2281 2472 3914 5982 7189 1708 5291 4677 0 6459 2979 1344 4376 1681 4193 3942 780 2486 532 6241
1411 8590 8781 3739 1401 1668 8017 2514 3138 6459 0 5336 6679 3315 5864 2790 4403 7089 8795 6567 1270
5809 5110 5301 2791 4859 6066 4537 4168 3554 2979 5336 0 3199 3253 2384 3070 2819 3609 5315 3087 5118
7152 3475 3666 4134 6202 7409 2902 5511 4897 1344 6679 3199 0 4596 1901 4413 4162 1974 3680 1452 6461
3788 6507 6698 1656 2838 4045 5934 2147 1533 4376 3315 3253 4596 0 3781 1049 2320 5006 6712 4484 3097
6337 3812 4003 3319 5387 6594 3239 4696 4082 1681 5864 2384 1901 3781 0 3598 3347 2311 4017 1789 5646
3263 6324 6515 1473 2313 3520 5751 1622 1008 4193 2790 3070 4413 1049 3598 0 2137 4823 6529 4301 2572
4876 6073 6264 1858 3926 5133 5500 3235 2621 3942 4403 2819 4162 2320 3347 2137 0 4572 6278 4050 4185
7562 1707 1898 4544 6612 7819 1134 5921 5307 780 7089 3609 1974 5006 2311 4823 4572 0 1912 1162 6871
9268 1107 1986 6250 8318 9525 2730 7627 7013 2486 8795 5315 3680 6712 4017 6529 6278 1912 0 2868 8577
7040 2663 2854 4022 6090 7297 2090 5399 4785 532 6567 3087 1452 4484 1789 4301 4050 1162 2868 0 6349
1743 8372 8563 3521 1183 2000 7799 2296 2920 6241 1270 5118 6461 3097 5646 2572 4185 6871 8577 6349 0
